
725519
725520
725521
725522
725523
725524
725525
725526
725527
725528
725533
725554
725584
725587
725588
725589
725590
725591
725594
725595
725596
725597
725598
725600
725601
725602
725606
725609
725610
725611
725612
725613
725617
725618
725619
725621
725683
725684
725686
725687
725688
725689
725690
725691
725692
725693
725694
725695
725697
725698
725699
725700
725702
725703
725704
725705
725706
725708
725709
725710
725711
725788
725789
725790
725791
725792
725793
725794
725795
725796
725797
725800
725802
725803
725804
725807
725808
725809
725812
725813
725814
725815
725816
725817
725890
725918
725919
725924
725925
725927
725928
725929
725930
725931
725934
725935
725937
725938
725939
725940
725942
725943
725944
725945
725946
725947
725948
725949
725950
725951
725952
726036
726037
726038
726039
726040
726041
726042
726043
726045
726047
726048
726049
726050
726051
726052
726053
726054
726055
726056
726073
726074
726075
726076
726078
726079
726088
726092
726137
726138
