
724682
724683
724684
724685
724686
724687
724688
724689
724691
724698
724709
724710
724711
724719
724720
724723
724728
724730
724739
724740
724744
724745
724746
724747
724748
724750
724751
724753
724754
724757
724762
724765
724775
724778
724822
724823
724825
724826
724827
724828
724829
724830
724831
724836
724864
724869
724870
724873
724874
724875
724876
724880
724882
724893
724895
724896
724897
724905
724907
724908
724911
724912
724914
724915
724955
724957
724959
724960
724962
724965
724968
724969
724998
724999
725000
725001
725002
725004
725005
725007
725009
725010
725011
725013
725015
725016
725017
725018
725019
725020
725023
725030
725044
725105
725108
725110
725111
725113
725114
725115
725117
725118
725120
725121
725127
725128
725131
725133
725135
725153
725154
725155
725157
725158
725159
725161
725162
725163
725164
725170
725173
725174
725175
725245
725246
725248
725252
725254
725255
725257
725258
725264
725265
725266
725267
725268
725269
725274
725276
725279
